# Created by Octave 3.0.0, Fri Apr 24 20:08:07 2009 CEST <david.garcia@wl082936>
# name: FacetM
# type: matrix
# rows: 40
# columns: 3
 1 4 10
 5 4 1
 1 6 5
 3 6 1
 15 6 2
 12 1 10
 7 6 3
 7 2 6
 15 2 11
 8 7 3
 2 7 8
 21 12 14
 1 12 21
 15 11 16
 16 12 15
 14 12 16
 9 11 2
 2 8 9
 3 11 9
 9 8 3
 20 11 3
 13 16 11
 13 19 16
 11 20 13
 13 20 19
 17 21 14
 14 16 17
 18 20 21
 19 20 18
 21 17 18
 16 19 18
 18 17 16
 1 21 20
 3 1 20
 4 5 0
 5 6 0
 6 15 0
 10 4 0
 12 10 0
 15 12 0
