# Created by Octave 3.0.0, Fri Apr 24 19:13:03 2009 CEST <david.garcia@wl082936>
# name: FacetM
# type: matrix
# rows: 40
# columns: 3
 2 5 11
 6 5 2
 2 7 6
 4 7 2
 16 7 3
 13 2 11
 8 7 4
 8 3 7
 16 3 12
 9 8 4
 3 8 9
 22 13 15
 2 13 22
 16 12 17
 17 13 16
 15 13 17
 10 12 3
 3 9 10
 4 12 10
 10 9 4
 21 12 4
 14 17 12
 14 20 17
 12 21 14
 14 21 20
 18 22 15
 15 17 18
 19 21 22
 20 21 19
 22 18 19
 17 20 19
 19 18 17
 2 22 21
 4 2 21
 5 6 1
 6 7 1
 7 16 1
 11 5 1
 13 11 1
 16 13 1
